45
1.250000e-01	6.836246e-02	-2.422203e-01	-1.760915e-01	1.674848e-01	1.831093e-01	-5.003164e-02	-7.515746e-02	6.694122e-03	-5.477975e-02	-5.516549e-02	1.066152e-01	1.165103e-01	-6.788883e-02	-1.079394e-01	1.182037e-02	2.761087e-02	-1.077356e-02	5.255859e-02	6.182618e-02	-6.896837e-02	-9.965688e-02	3.058752e-02	7.415942e-02	4.670035e-07	-4.321424e-03	1.960391e-02	-4.693313e-02	-6.709536e-02	4.295769e-02	8.560061e-02	-9.102566e-03	-4.945225e-02	-1.787661e-03	-8.978113e-03	-2.928698e-02	3.777784e-02	6.857384e-02	-2.234272e-02	-7.065775e-02	-3.023019e-03	2.992042e-02	-1.966025e-03	1.515091e-02	3.750835e-02	-2.633468e-02	
6.836246e-02	3.738740e-02	-1.324529e-01	-9.628232e-02	9.155160e-02	1.000611e-01	-2.732434e-02	-4.097235e-02	3.673647e-03	-3.006772e-02	-3.021119e-02	5.832892e-02	6.370407e-02	-3.708403e-02	-5.890489e-02	6.445267e-03	1.491477e-02	-5.946371e-03	2.886849e-02	3.387425e-02	-3.772386e-02	-5.445399e-02	1.668473e-02	4.037095e-02	-2.155716e-05	-2.147914e-03	1.082127e-02	-2.577377e-02	-3.675250e-02	2.347499e-02	4.671046e-02	-4.955607e-03	-2.680508e-02	-8.976384e-04	-5.125939e-03	-1.615165e-02	2.072891e-02	3.752986e-02	-1.218784e-02	-3.847058e-02	-1.629943e-03	1.608916e-02	-1.219479e-03	8.473508e-03	2.066035e-02	
-2.422203e-01	-1.324529e-01	4.693561e-01	3.411530e-01	-3.245247e-01	-3.546760e-01	9.694283e-02	1.454409e-01	-1.299737e-02	1.063228e-01	1.069161e-01	-2.066870e-01	-2.256986e-01	1.315849e-01	2.089614e-01	-2.294954e-02	-5.323660e-02	2.095881e-02	-1.020645e-01	-1.198504e-01	1.337599e-01	1.930145e-01	-5.934111e-02	-1.434473e-01	1.103406e-04	8.068284e-03	-3.813292e-02	9.116972e-02	1.300740e-01	-8.336565e-02	-1.657379e-01	1.775819e-02	9.552742e-02	3.272337e-03	1.770845e-02	5.695215e-02	-7.341071e-02	-1.329326e-01	4.343057e-02	1.367394e-01	5.670682e-03	-5.765999e-02	4.085410e-03	-2.964355e-02	
-1.760915e-01	-9.628232e-02	3.411530e-01	2.479010e-01	-2.357591e-01	-2.574893e-01	7.034392e-02	1.051806e-01	-9.505974e-03	7.775933e-02	7.787687e-02	-1.503815e-01	-1.639896e-01	9.552798e-02	1.513715e-01	-1.664298e-02	-3.792591e-02	1.546634e-02	-7.474133e-02	-8.736414e-02	9.732262e-02	1.401022e-01	-4.303065e-02	-1.035099e-01	2.153080e-04	4.966295e-03	-2.814107e-02	6.676261e-02	9.479201e-02	-6.061085e-02	-1.200604e-01	1.289893e-02	6.846715e-02	2.002033e-03	1.377722e-02	4.197087e-02	-5.371355e-02	-9.676066e-02	3.154143e-02	9.872573e-02	3.940508e-03	-4.081195e-02	3.611236e-03	
1.674848e-01	9.155160e-02	-3.245247e-01	-2.357591e-01	2.243632e-01	2.449733e-01	-6.702670e-02	-1.002085e-01	9.034948e-03	-7.383340e-02	-7.395553e-02	1.430913e-01	1.559257e-01	-9.105799e-02	-1.441233e-01	1.595974e-02	3.632682e-02	-1.464188e-02	7.097525e-02	8.294873e-02	-9.271450e-02	-1.332815e-01	4.117749e-02	9.872480e-02	-2.896901e-04	-5.024878e-03	2.663099e-02	-6.345761e-02	-9.004435e-02	5.789017e-02	1.143562e-01	-1.251794e-02	-6.551660e-02	-1.903697e-03	-1.280909e-02	-3.974567e-02	5.115012e-02	9.201499e-02	-3.030264e-02	-9.423544e-02	-3.559204e-03	3.930203e-02	
1.831093e-01	1.000611e-01	-3.546760e-01	-2.574893e-01	2.449733e-01	2.670599e-01	-7.303321e-02	-1.083909e-01	1.000245e-02	-8.170511e-02	-8.114280e-02	1.567373e-01	1.702493e-01	-9.933740e-02	-1.564221e-01	1.740987e-02	3.808665e-02	-1.649205e-02	7.875890e-02	9.115036e-02	-1.016042e-01	-1.452415e-01	4.487583e-02	1.063176e-01	-6.526553e-04	-3.609723e-03	2.999518e-02	-7.043866e-02	-9.891030e-02	6.340000e-02	1.241334e-01	-1.376245e-02	-6.960243e-02	-1.240114e-03	-1.589983e-02	-4.464855e-02	5.671633e-02	1.008603e-01	-3.318106e-02	-1.016403e-01	-3.408254e-03	
-5.003164e-02	-2.732434e-02	9.694283e-02	7.034392e-02	-6.702670e-02	-7.303321e-02	2.004099e-02	2.975468e-02	-2.725906e-03	2.221897e-02	2.208809e-02	-4.285887e-02	-4.649068e-02	2.727930e-02	4.286566e-02	-4.844222e-03	-1.061268e-02	4.449662e-03	-2.141806e-02	-2.479834e-02	2.785480e-02	3.971357e-02	-1.243071e-02	-2.926836e-02	2.269677e-04	1.229242e-03	-8.086271e-03	1.919418e-02	2.693899e-02	-1.748089e-02	-3.404659e-02	3.924093e-03	1.932666e-02	3.577372e-04	4.105501e-03	1.205691e-02	-1.551968e-02	-2.754169e-02	9.265799e-03	2.802566e-02	
-7.515746e-02	-4.097235e-02	1.454409e-01	1.051806e-01	-1.002085e-01	-1.083909e-01	2.975468e-02	4.273806e-02	-4.312910e-03	3.504331e-02	3.361044e-02	-6.495817e-02	-6.940446e-02	4.074140e-02	6.245481e-02	-7.304126e-03	-1.321867e-02	7.499197e-03	-3.416854e-02	-3.797284e-02	4.238324e-02	5.883085e-02	-1.860270e-02	-4.127892e-02	1.004335e-03	-1.298136e-03	-1.362028e-02	3.069941e-02	4.121556e-02	-2.663414e-02	-4.967329e-02	6.216557e-03	2.570352e-02	-9.666632e-04	9.338069e-03	2.011947e-02	-2.477968e-02	-4.182806e-02	1.423545e-02	
6.694122e-03	3.673647e-03	-1.299737e-02	-9.505974e-03	9.034948e-03	1.000245e-02	-2.725906e-03	-4.312910e-03	3.257548e-04	-2.687733e-03	-2.895415e-03	5.618903e-03	6.307984e-03	-3.660698e-03	-6.066250e-03	6.217052e-04	1.877889e-03	-4.570804e-04	2.518276e-03	3.209625e-03	-3.603338e-03	-5.460901e-03	1.634970e-03	4.364203e-03	1.053800e-04	-6.919751e-04	8.337499e-04	-2.232577e-03	-3.486003e-03	2.230355e-03	4.798399e-03	-4.248730e-04	-3.131614e-03	-3.239623e-04	-1.590121e-05	-1.273441e-03	1.797148e-03	3.604367e-03	
-5.477975e-02	-3.006772e-02	1.063228e-01	7.775933e-02	-7.383340e-02	-8.170511e-02	2.221897e-02	3.504331e-02	-2.687733e-03	2.219868e-02	2.378582e-02	-4.600260e-02	-5.160524e-02	2.984143e-02	4.940201e-02	-5.028211e-03	-1.500977e-02	3.843742e-03	-2.083467e-02	-2.639678e-02	2.946353e-02	4.460334e-02	-1.325472e-02	-3.534978e-02	-8.449275e-04	5.246375e-03	-7.014687e-03	1.845183e-02	2.864619e-02	-1.816947e-02	-3.906085e-02	3.386444e-03	2.514963e-02	2.520844e-03	5.458174e-04	1.067708e-02	-1.480544e-02	
-5.516549e-02	-3.021119e-02	1.069161e-01	7.787687e-02	-7.395553e-02	-8.114280e-02	2.208809e-02	3.361044e-02	-2.895415e-03	2.378582e-02	2.431015e-02	-4.683619e-02	-5.158403e-02	2.987439e-02	4.808617e-02	-5.106510e-03	-1.278362e-02	4.569624e-03	-2.269969e-02	-2.718822e-02	3.016262e-02	4.420209e-02	-1.332358e-02	-3.330082e-02	-2.611766e-04	2.592118e-03	-8.325702e-03	2.019888e-02	2.948156e-02	-1.865892e-02	-3.808008e-02	3.727215e-03	2.248925e-02	1.229938e-03	3.264441e-03	1.247332e-02	
1.066152e-01	5.832892e-02	-2.066870e-01	-1.503815e-01	1.430913e-01	1.567373e-01	-4.285887e-02	-6.495817e-02	5.618903e-03	-4.600260e-02	-4.683619e-02	9.072278e-02	9.953227e-02	-5.807195e-02	-9.290320e-02	1.011787e-02	2.474530e-02	-8.834104e-03	4.397956e-02	5.238835e-02	-5.865958e-02	-8.534417e-02	2.620767e-02	6.444012e-02	2.384961e-04	-5.068669e-03	1.607517e-02	-3.925919e-02	-5.688271e-02	3.657516e-02	7.366593e-02	-7.723457e-03	-4.367047e-02	-2.133980e-03	-6.266668e-03	
1.165103e-01	6.370407e-02	-2.256986e-01	-1.639896e-01	1.559257e-01	1.702493e-01	-4.649068e-02	-6.940446e-02	6.307984e-03	-5.160524e-02	-5.158403e-02	9.953227e-02	1.084790e-01	-6.314660e-02	-9.997197e-02	1.098738e-02	2.482828e-02	-1.031105e-02	4.963161e-02	5.789024e-02	-6.440519e-02	-9.262785e-02	2.841463e-02	6.822050e-02	-1.771524e-04	-2.978173e-03	1.876227e-02	-4.432797e-02	-6.280071e-02	4.008306e-02	7.928884e-02	-8.508977e-03	-4.495961e-02	-1.206830e-03	
-6.788883e-02	-3.708403e-02	1.315849e-01	9.552798e-02	-9.105799e-02	-9.933740e-02	2.727930e-02	4.074140e-02	-3.660698e-03	2.984143e-02	2.987439e-02	-5.807195e-02	-6.314660e-02	3.709892e-02	5.852428e-02	-6.596847e-03	-1.491464e-02	5.885664e-03	-2.870201e-02	-3.349636e-02	3.773792e-02	5.403321e-02	-1.693352e-02	-4.022708e-02	2.145858e-04	2.263156e-03	-1.069501e-02	2.572143e-02	3.640315e-02	-2.370940e-02	-4.648186e-02	5.324421e-03	2.687132e-02	
-1.079394e-01	-5.890489e-02	2.089614e-01	1.513715e-01	-1.441233e-01	-1.564221e-01	4.286566e-02	6.245481e-02	-6.066250e-03	4.940201e-02	4.808617e-02	-9.290320e-02	-9.997197e-02	5.852428e-02	9.077081e-02	-1.038759e-02	-2.046604e-02	1.032180e-02	-4.793865e-02	-5.419510e-02	6.044469e-02	8.497456e-02	-2.659449e-02	-6.073099e-02	9.845023e-04	-1.585004e-04	-1.875775e-02	4.298719e-02	5.881551e-02	-3.786492e-02	-7.212264e-02	8.568420e-03	
1.182037e-02	6.445267e-03	-2.294954e-02	-1.664298e-02	1.595974e-02	1.740987e-02	-4.844222e-03	-7.304126e-03	6.217052e-04	-5.028211e-03	-5.106510e-03	1.011787e-02	1.098738e-02	-6.596847e-03	-1.038759e-02	1.228731e-03	2.901953e-03	-9.382789e-04	4.819999e-03	5.702561e-03	-6.634964e-03	-9.468980e-03	3.108781e-03	7.319514e-03	-5.509526e-05	-7.509467e-04	1.699036e-03	-4.352446e-03	-6.226503e-03	4.259547e-03	8.274470e-03	
2.761087e-02	1.491477e-02	-5.323660e-02	-3.792591e-02	3.632682e-02	3.808665e-02	-1.061268e-02	-1.321867e-02	1.877889e-03	-1.500977e-02	-1.278362e-02	2.474530e-02	2.482828e-02	-1.491464e-02	-2.046604e-02	2.901953e-03	1.433536e-03	-3.789692e-03	1.516082e-02	1.474761e-02	-1.652555e-02	-2.050390e-02	7.083631e-03	1.181879e-02	-1.406785e-03	4.418359e-03	6.859101e-03	-1.380714e-02	-1.601920e-02	1.063977e-02	
-1.077356e-02	-5.946371e-03	2.095881e-02	1.546634e-02	-1.464188e-02	-1.649205e-02	4.449662e-03	7.499197e-03	-4.570804e-04	3.843742e-03	4.569624e-03	-8.834104e-03	-1.031105e-02	5.885664e-03	1.032180e-02	-9.382789e-04	-3.789692e-03	5.028722e-04	-3.460789e-03	-4.994609e-03	5.565175e-03	9.042503e-03	-2.551035e-03	-7.771712e-03	-4.169979e-04	1.996675e-03	-9.255204e-04	3.012786e-03	5.418028e-03	
5.255859e-02	2.886849e-02	-1.020645e-01	-7.474133e-02	7.097525e-02	7.875890e-02	-2.141806e-02	-3.416854e-02	2.518276e-03	-2.083467e-02	-2.269969e-02	4.397956e-02	4.963161e-02	-2.870201e-02	-4.793865e-02	4.819999e-03	1.516082e-02	-3.460789e-03	1.943544e-02	2.512353e-02	-2.812317e-02	-4.302418e-02	1.274293e-02	3.466670e-02	9.921054e-04	-5.910900e-03	6.319489e-03	-1.718649e-02	
6.182618e-02	3.387425e-02	-1.198504e-01	-8.736414e-02	8.294873e-02	9.115036e-02	-2.479834e-02	-3.797284e-02	3.209625e-03	-2.639678e-02	-2.718822e-02	5.238835e-02	5.789024e-02	-3.349636e-02	-5.419510e-02	5.702560e-03	1.474761e-02	-4.994609e-03	2.512353e-02	3.036924e-02	-3.369664e-02	-4.967290e-02	1.491325e-02	3.773375e-02	4.132040e-04	-3.389714e-03	9.103109e-03	
-6.896837e-02	-3.772386e-02	1.337599e-01	9.732262e-02	-9.271450e-02	-1.016042e-01	2.785480e-02	4.238324e-02	-3.603338e-03	2.946353e-02	3.016262e-02	-5.865958e-02	-6.440519e-02	3.773792e-02	6.044469e-02	-6.634964e-03	-1.652555e-02	5.565175e-03	-2.812317e-02	-3.369664e-02	3.798612e-02	5.532958e-02	-1.714109e-02	-4.221331e-02	-1.753451e-04	3.882249e-03	
-9.965688e-02	-5.445399e-02	1.930145e-01	1.401022e-01	-1.332815e-01	-1.452415e-01	3.971357e-02	5.883085e-02	-5.460901e-03	4.460334e-02	4.420209e-02	-8.534417e-02	-9.262785e-02	5.403321e-02	8.497456e-02	-9.468980e-03	-2.050390e-02	9.042503e-03	-4.302418e-02	-4.967290e-02	5.532958e-02	7.898245e-02	-2.440207e-02	-5.763997e-02	4.004423e-04	
3.058752e-02	1.668473e-02	-5.934111e-02	-4.303065e-02	4.117749e-02	4.487583e-02	-1.243071e-02	-1.860270e-02	1.634970e-03	-1.325472e-02	-1.332358e-02	2.620767e-02	2.841463e-02	-1.693352e-02	-2.659449e-02	3.108781e-03	7.083630e-03	-2.551036e-03	1.274293e-02	1.491325e-02	-1.714109e-02	-2.440207e-02	7.895932e-03	1.850757e-02	
7.415942e-02	4.037095e-02	-1.434473e-01	-1.035099e-01	9.872480e-02	1.063176e-01	-2.926836e-02	-4.127892e-02	4.364204e-03	-3.534978e-02	-3.330082e-02	6.444012e-02	6.822050e-02	-4.022707e-02	-6.073099e-02	7.319512e-03	1.181879e-02	-7.771709e-03	3.466670e-02	3.773375e-02	-4.221332e-02	-5.763996e-02	1.850757e-02	
4.670333e-07	-2.155716e-05	1.103405e-04	2.153080e-04	-2.896900e-04	-6.526553e-04	2.269675e-04	1.004335e-03	1.053803e-04	-8.449274e-04	-2.611770e-04	2.384959e-04	-1.771518e-04	2.145865e-04	9.845014e-04	-5.509685e-05	-1.406784e-03	-4.169946e-04	9.921047e-04	4.131974e-04	-1.753470e-04	4.004540e-04	
-4.321424e-03	-2.147914e-03	8.068284e-03	4.966295e-03	-5.024879e-03	-3.609724e-03	1.229243e-03	-1.298136e-03	-6.919758e-04	5.246375e-03	2.592119e-03	-5.068668e-03	-2.978173e-03	2.263153e-03	-1.584998e-04	-7.509421e-04	4.418360e-03	1.996665e-03	-5.910905e-03	-3.389697e-03	3.882256e-03	
1.960391e-02	1.082127e-02	-3.813292e-02	-2.814107e-02	2.663099e-02	2.999518e-02	-8.086271e-03	-1.362028e-02	8.337491e-04	-7.014687e-03	-8.325701e-03	1.607517e-02	1.876227e-02	-1.069502e-02	-1.875775e-02	1.699041e-03	6.859098e-03	-9.255328e-04	6.319484e-03	9.103142e-03	
-4.693313e-02	-2.577377e-02	9.116972e-02	6.676261e-02	-6.345761e-02	-7.043866e-02	1.919418e-02	3.069941e-02	-2.232575e-03	1.845183e-02	2.019888e-02	-3.925919e-02	-4.432797e-02	2.572144e-02	4.298719e-02	-4.352460e-03	-1.380714e-02	3.012816e-03	-1.718648e-02	
-6.709536e-02	-3.675250e-02	1.300740e-01	9.479201e-02	-9.004435e-02	-9.891030e-02	2.693899e-02	4.121556e-02	-3.486001e-03	2.864619e-02	2.948155e-02	-5.688271e-02	-6.280071e-02	3.640316e-02	5.881550e-02	-6.226521e-03	-1.601919e-02	5.418064e-03	
4.295769e-02	2.347499e-02	-8.336564e-02	-6.061085e-02	5.789016e-02	6.340000e-02	-1.748089e-02	-2.663414e-02	2.230349e-03	-1.816948e-02	-1.865891e-02	3.657516e-02	4.008306e-02	-2.370942e-02	-3.786492e-02	4.259582e-03	1.063977e-02	
8.560061e-02	4.671046e-02	-1.657379e-01	-1.200604e-01	1.143562e-01	1.241334e-01	-3.404658e-02	-4.967329e-02	4.798394e-03	-3.906086e-02	-3.808007e-02	7.366593e-02	7.928883e-02	-4.648188e-02	-7.212264e-02	8.274515e-03	
-9.102563e-03	-4.955607e-03	1.775818e-02	1.289893e-02	-1.251793e-02	-1.376244e-02	3.924079e-03	6.216554e-03	-4.248566e-04	3.386452e-03	3.727197e-03	-7.723476e-03	-8.508953e-03	5.324459e-03	8.568392e-03	
-4.945225e-02	-2.680508e-02	9.552741e-02	6.846715e-02	-6.551659e-02	-6.960243e-02	1.932665e-02	2.570352e-02	-3.131601e-03	2.514963e-02	2.248924e-02	-4.367049e-02	-4.495959e-02	2.687137e-02	
-1.787669e-03	-8.976390e-04	3.272356e-03	2.002035e-03	-1.903724e-03	-1.240118e-03	3.577710e-04	-9.666548e-04	-3.240031e-04	2.520827e-03	1.229992e-03	-2.133941e-03	-1.206900e-03	
-8.978119e-03	-5.125939e-03	1.770846e-02	1.377722e-02	-1.280912e-02	-1.589983e-02	4.105528e-03	9.338075e-03	-1.593498e-05	5.458025e-04	3.264480e-03	-6.266634e-03	
-2.928696e-02	-1.615165e-02	5.695211e-02	4.197087e-02	-3.974561e-02	-4.464854e-02	1.205683e-02	2.011945e-02	-1.273341e-03	1.067713e-02	1.247319e-02	
3.777786e-02	2.072891e-02	-7.341075e-02	-5.371356e-02	5.115018e-02	5.671634e-02	-1.551975e-02	-2.477969e-02	1.797230e-03	-1.480542e-02	
6.857380e-02	3.752985e-02	-1.329325e-01	-9.676064e-02	9.201485e-02	1.008603e-01	-2.754152e-02	-4.182802e-02	3.604147e-03	
-2.234277e-02	-1.218784e-02	4.343069e-02	3.154144e-02	-3.030279e-02	-3.318108e-02	9.265983e-03	1.423546e-02	
-7.065768e-02	-3.847057e-02	1.367393e-01	9.872570e-02	-9.423519e-02	-1.016403e-01	2.802534e-02	
-3.022895e-03	-1.629937e-03	5.670373e-03	3.940499e-03	-3.558800e-03	-3.408246e-03	
2.992029e-02	1.608914e-02	-5.765968e-02	-4.081188e-02	3.930163e-02	
-1.966354e-03	-1.219489e-03	4.086217e-03	3.611255e-03	
1.515104e-02	8.473564e-03	-2.964382e-02	
3.750920e-02	2.066036e-02	
-2.633449e-02	
